
No    분류    분류    2016년    2016년    2017년    2017년    2018년    2018년    2019년    2019년    
No    분류    분류    전체    1인당    전체    1인당    전체    1인당    전체    1인당    
No    분류    분류    백만톤    톤    백만톤    톤    백만톤    톤    백만톤    톤    
No    분류    분류    원자료    원자료    원자료    원자료    원자료    원자료    원자료    원자료    
1    아시아    아시아    
2    아시아    한국    589.212169    11.504    600.034367    11.682    605.775077    11.738    586.1598516    11.308    
3    아시아    아르메니아    4.911897    1.673    5.165501    1.754    5.394895    1.828    
4    아시아    아제르바이잔    31.409359    3.219    30.805851    3.126    30.946865    3.113    
5    아시아    바레인    29.638922    20.785    29.813834    19.956    30.188495    19.241    
6    아시아    방글라데시    72.943639    0.462    77.917018    0.488    81.967372    0.508    
7    아시아    브루나이    6.411543    15.266    6.710178    15.826    7.143329    16.651    
8    아시아    캄보디아    9.287497    0.589    10.762923    0.672    10.547501    0.649    
9    아시아    중국&amp;nbsp;<span style=&#39;color: blue;font-weight: bold;font-size:x-small;&#39;>2)</span>    9,099.234804    6.565    9,289.62282    6.665    9,570.806666    6.835    
10    아시아    키프로스    6.2692    7.393    6.37667    7.458    6.309698    7.303    
11    아시아    조지아    8.957157    2.403    8.939837    2.398    8.770364    2.351    
12    아시아    홍콩    44.758797    6.1    44.041125    5.958    42.592967    5.716    
13    아시아    인도    2,070.873609    1.564    2,190.820126    1.637    2,307.780028    1.706    2,309.057152    
14    아시아    인도네시아    454.349592    1.737    492.711078    1.862    542.876277    2.028    
15    아시아    이란    556.95523    7    569.9764    7.065    579.554643    7.085    
16    아시아    이라크    138.409591    3.781    139.455123    3.714    153.305259    3.989    
17    아시아    이스라엘    62.937451    7.367    63.68803    7.312    59.611694    6.712    63.4795176    7.014    
18    아시아    일본    1,145.4173    9.024    1,125.49901    8.883    1,080.715809    8.547    1,066.152654    8.452    
19    아시아    요르단    23.147952    2.424    24.386806    2.494    22.985046    2.309    
20    아시아    카자흐스탄    216.216668    12.151    218.759874    12.128    214.011727    11.71    
21    아시아    북한    27.296286    1.079    19.579697    0.77    15.321884    0.6    
22    아시아    쿠웨이트    88.08019    22.259    88.047602    21.708    87.789082    21.22    
23    아시아    키르기스스탄    9.192628    1.512    8.841761    1.427    10.494429    1.662    
24    아시아    레바논    25.46051    3.794    26.924525    3.953    25.362477    3.703    
25    아시아    말레이시아    216.334922    7.05    210.767894    6.776    228.037553    7.233    
26    아시아    몽골    17.981117    5.884    19.276    6.19    21.130229    6.666    
27    아시아    미얀마    20.899074    0.394    30.404919    0.57    31.525297    0.587    
28    아시아    네팔    8.503721    0.312    10.193258    0.369    11.186544    0.398    
29    아시아    오만    64.757093    14.458    65.117424    13.956    68.772948    14.242    
30    아시아    파키스탄    166.252796    0.816    183.420429    0.882    194.085841    0.915    
31    아시아    필리핀    114.751784    1.107    126.487694    1.203    132.139442    1.239    
32    아시아    카타르    81.886953    30.854    84.336849    30.949    86.994686    31.271    
33    아시아    사우디아라비아    527.78816    16.268    516.62305    15.608    491.656375    14.589    
34    아시아    싱가포르    46.157289    8.232    47.429241    8.451    47.361142    8.399    
35    아시아    스리랑카    20.898562    0.986    22.284978    1.039    20.605892    0.951    
36    아시아    시리아    24.855623    1.424    26.773359    1.569    25.769157    1.524    
37    아시아    대만    254.433173    10.773    260.610984    11.008    257.02955    10.833    
38    아시아    타지키스탄    5.428489    0.627    5.843657    0.658    6.79662    0.747    
39    아시아    태국    243.893985    3.536    243.825891    3.523    241.03054    3.472    
40    아시아    터키    338.874454    4.275    378.63109    4.714    374.128805    4.596    371.4096648    4.515    
41    아시아    투르크메니스탄    68.971578    12.181    68.998174    11.983    69.133119    11.816    
42    아시아    아랍에미리트    192.070738    20.518    200.601979    21.145    192.544981    19.992    
43    아시아    우즈베키스탄    102.855272    3.23    107.070685    3.306    107.957154    3.276    
44    아시아    베트남    193.611788    2.068    191.243601    2.022    226.522301    2.371    
45    아시아    예멘    9.579366    0.353    8.672161    0.312    8.008745    0.281    
46    북아메리카    북아메리카    
47    북아메리카    캐나다    541.937771    15.008    553.074022    15.135    565.231595    15.253    571.8213058    15.212    
48    북아메리카    멕시코    446.175879    3.654    445.991937    3.615    448.452404    3.6    455.0492467    3.618    
49    북아메리카    미국    4,838.476243    14.965    4,761.301727    14.632    4,921.125821    15.029    4,766.383081    14.487    
50    남아메리카    남아메리카    
51    남아메리카    아르헨티나    177.99485    4.083    173.92535    3.949    171.160113    3.847    
52    남아메리카    볼리비아    19.849268    1.799    20.583667    1.839    21.04202    1.853    
53    남아메리카    브라질    418.287341    2.029    428.047401    2.06    406.254313    1.939    406.4504939    
54    남아메리카    칠레    85.24552    4.664    86.142982    4.651    85.71607    4.567    94.2055846    4.948    
55    남아메리카    콜롬비아    76.992308    1.598    69.473478    1.421    73.081763    1.472    
56    남아메리카    코스타리카    7.460093    1.523    7.557303    1.527    7.63451    1.527    
57    남아메리카    쿠바    27.812072    2.454    25.053862    2.21    24.377046    2.15    
58    남아메리카    도미니카공화국    22.540723    2.168    21.469379    2.042    23.201591    2.183    
59    남아메리카    에콰도르    35.535011    2.155    34.381679    2.048    36.23505    2.121    
60    남아메리카    엘살바도르    6.78388    1.067    5.995966    0.939    6.422673    1    
61    남아메리카    과테말라    16.100708    0.971    15.150086    0.896    16.855849    0.977    
62    남아메리카    아이티    3.28704    0.303    3.248729    0.296    3.212247    0.289    
63    남아메리카    온두라스    8.742391    0.943    8.344868    0.885    9.114703    0.951    
64    남아메리카    자메이카    7.353404    2.53    6.834821    2.34    8.192019    2.791    
65    남아메리카    니카라과    5.108276    0.81    5.129923    0.803    4.940499    0.764    
66    남아메리카    파나마    9.915826    2.456    9.394664    2.287    9.282635    2.222    
67    남아메리카    파라과이    6.803062    1.004    7.654689    1.115    8.066097    1.16    
68    남아메리카    페루    52.186698    1.687    49.754701    1.582    50.045169    1.564    
69    남아메리카    수리남    2.252624    3.987    2.076234    3.643    2.024317    3.514    
70    남아메리카    트리니다드토바고    17.675667    12.827    17.623719    12.734    17.188522    12.366    
71    남아메리카    우루과이    6.232524    1.82    5.781555    1.682    6.223884    1.805    
72    남아메리카    베네수엘라    129.08378    4.325    123.354984    4.197    112.588512    3.9    
73    유럽    유럽    
74    유럽    알바니아    3.674183    1.278    4.342011    1.511    4.303084    1.501    
75    유럽    오스트리아    61.66542    7.056    64.118116    7.29    61.468298    6.955    62.7509774    7.07    
76    유럽    벨라루스    53.005054    5.578    54.019949    5.688    57.089856    6.019    
77    유럽    벨기에    91.886517    8.109    90.4776    7.954    91.175713    7.979    90.6038974    7.89    
78    유럽    보스니아-헤르체고비나    22.019403    6.503    22.327978    6.661    22.219505    6.685    
79    유럽    불가리아    40.54088    5.688    42.803157    6.049    39.892842    5.68    
80    유럽    크로아티아    15.858564    3.799    16.193172    3.926    15.294397    3.74    
81    유럽    체코    101.159746    9.575    101.690554    9.603    100.749119    9.481    95.6854997    8.969    
82    유럽    덴마크    34.100207    5.952    31.960309    5.542    32.022456    5.527    28.7309945    4.937    
83    유럽    에스토니아    15.462677    11.75    15.971263    12.136    15.696684    11.9    11.6106494    8.763    
84    유럽    핀란드    45.152969    8.217    42.401662    7.698    43.753389    7.932    41.5099755    7.517    
85    유럽    프랑스    306.067258    4.58    309.87204    4.621    303.478088    4.512    293.2319904    4.347    
86    유럽    독일    734.487052    8.919    718.794085    8.696    696.131381    8.397    659.0989218    7.933    
87    유럽    지브롤터    0.611636    17.989    0.626536    18.428    0.69444    20.425    
88    유럽    그리스    63.076623    5.853    63.110531    5.868    61.602208    5.74    56.8298172    5.305    
89    유럽    헝가리    43.777954    4.461    45.762629    4.675    45.601765    4.665    45.707822    4.678    
90    유럽    아이슬란드    2.064863    6.164    2.171843    6.332    2.196439    6.222    1.8948153    5.249    
91    유럽    아일랜드    36.91126    7.772    35.692587    7.433    35.273544    7.256    33.3885397    6.777    
92    유럽    이탈리아    325.657076    5.371    321.481224    5.31    317.141123    5.246    302.7753574    5.015    
93    유럽    라트비아    6.799011    3.471    6.679644    3.441    7.1893    3.733    6.7661271    3.537    
94    유럽    리투아니아    10.750005    3.748    10.771645    3.809    11.134892    3.974    11.1356688    3.987    
95    유럽    룩셈부르크    8.501982    14.558    8.627174    14.451    8.948689    14.694    9.2022592    14.795    
96    유럽    북마케도니아    6.947428    3.339    7.41955    3.564    6.932149    3.328    
97    유럽    몰타    1.347847    2.962    1.516529    3.24    1.547485    3.197    
98    유럽    몰도바    7.710688    2.171    7.527683    2.121    7.961947    2.245    
99    유럽    네덜란드    158.034178    9.28    155.611718    9.084    150.868938    8.755    142.803703    8.233    
100    유럽    노르웨이    36.54085    6.979    35.590325    6.744    36.039988    6.785    26.0412108    4.869    
101    유럽    폴란드    293.21141    7.63    305.824953    7.96    305.747659    7.959    292.8532959    7.628    
102    유럽    포르투갈    46.46041    4.499    50.800016    4.932    47.245308    4.594    43.8334113    4.266    
103    유럽    루마니아    67.962637    3.45    70.78876    3.614    71.57133    3.675    
104    유럽    러시아    1,510.557598    10.465    1,536.770876    10.635    1,587.024454    10.985    
105    유럽    슬로바키아    30.159706    5.553    32.212012    5.924    31.630618    5.808    28.8556066    5.292    
106    유럽    슬로베니아    13.585628    6.579    13.731418    6.646    13.64007    6.583    13.0718264    6.257    
107    유럽    스페인    237.6125    5.115    253.987917    5.458    248.890885    5.326    229.8602673    4.88    
108    유럽    스웨덴    37.238183    3.753    36.845604    3.663    34.514885    3.392    32.4511897    3.157    
109    유럽    스위스    37.837575    4.519    36.862212    4.361    35.714759    4.195    36.323362    4.234    
110    유럽    우크라이나    197.626378    4.391    171.300035    3.821    181.826636    4.075    
111    유럽    영국    372.352897    5.672    359.943776    5.45    352.362605    5.304    339.2211476    5.076    
112    유럽    세르비아    45.495676    6.446    46.148113    6.573    44.793084    6.416    
113    아프리카    아프리카    
114    아프리카    알제리    127.877918    3.154    130.532201    3.154    137.280141    3.251    
115    아프리카    앙골라    21.458342    0.744    18.875772    0.633    18.80172    0.61    
116    아프리카    베냉    6.528711    0.601    6.663321    0.596    7.211733    0.628    
117    아프리카    보츠와나    6.979639    3.231    7.727657    3.505    8.06786    3.579    
118    아프리카    카메룬    6.094702    0.255    5.957287    0.243    6.25598    0.248    
119    아프리카    콩고    2.97836    0.598    2.847335    0.557    2.847573    0.543    
120    아프리카    콩고민주공화국    1.979013    0.025    2.20186    0.027    2.123387    0.025    
121    아프리카    코트디부아르    9.322272    0.391    10.375047    0.425    9.910228    0.395    
122    아프리카    이집트    210.890465    2.233    216.758116    2.248    223.576606    2.272    
123    아프리카    에리트레아    0.581959    0.124    0.641514    0.135    0.71535    0.149    
124    아프리카    에티오피아    11.750607    0.113    12.258382    0.115    13.083401    0.12    
125    아프리카    가봉    3.459189    1.723    2.517885    1.219    2.538129    1.198    
126    아프리카    가나    12.810093    0.45    13.18782    0.453    14.715228    0.494    
127    아프리카    케냐    16.306142    0.332    16.42563    0.327    15.936111    0.31    
128    아프리카    리비아    43.839312    6.753    44.956481    6.831    45.643372    6.834    
129    아프리카    모리셔스    4.035824    3.195    4.174998    3.3    4.1344    3.268    
130    아프리카    모로코    55.298503    1.574    58.147953    1.634    58.894841    1.635    
131    아프리카    모잠비크    5.057044    0.182    5.289838    0.185    5.908925    0.2    
132    아프리카    나미비아    3.989902    1.692    3.965652    1.65    3.883023    1.586    
133    아프리카    니제르    1.951763    0.094    2.048738    0.095    2.265855    0.101    
134    아프리카    나이지리아    84.184865    0.453    85.981239    0.45    104.273266    0.532    
135    아프리카    세네갈    8.137812    0.543    7.786802    0.505    8.079628    0.51    
136    아프리카    남아프리카공화국    419.888251    7.471    429.862067    7.541    427.973052    7.407    
137    아프리카    수단    18.929077    0.475    18.784027    0.46    18.643104    0.446    
138    아프리카    탄자니아    9.676776    0.182    10.120806    0.185    10.340139    0.184    
139    아프리카    토고    1.484601    0.198    1.254765    0.163    1.442741    0.183    
140    아프리카    튀니지    25.212344    2.23    26.156972    2.288    26.240853    2.269    
141    아프리카    잠비아    4.543267    0.278    5.948683    0.353    6.693216    0.386    
142    아프리카    짐바브웨    10.405973    0.742    9.651807    0.678    11.683782    0.809    
143    오세아니아    오세아니아    
144    오세아니아    오스트레일리아    380.576451    15.732    383.785318    15.6    382.878608    15.319    388.7027299    15.321    
145    오세아니아    뉴질랜드    30.421625    6.469    32.226843    6.732    31.510763    6.48    32.0498951    6.492    
 

1)    출처: IEA

자료: IEA「CO₂Emissions from Fuel Combustion」2020

◎ CO₂배출량(CO₂Emissions from Fuel Combustion)

연료의 연소로 발생하는 CO₂배출량으로, 시멘트 제조 등 산업공정으로 인한 배출량은 제외함.

단위는 이산화탄소톤으로 수록되어 있으며, 이산화탄소톤을 탄소톤으로 전환하려면 3.667을 곱함.
2)    홍콩 포함